8.425049398163846927e+05 8.321474924460756592e+05 8.338860814390594605e+05 8.476022756577947875e+05 8.452644541848772205e+05 8.408210448472446296e+05 8.457616401893028524e+05 8.410467551734766457e+05 8.426434554735252168e+05 8.421167541607536841e+05 8.452478166037036572e+05 8.438862565195680363e+05 8.446785457134936005e+05 8.460414464571116259e+05 8.131372760621993802e+05 8.446451362274542917e+05 8.436645170704697957e+05 8.421220717878030846e+05 8.470138366920880508e+05 8.448838349700956605e+05 8.468274830228147330e+05 8.443853536039558239e+05 8.467016602001225110e+05 8.310898650214710506e+05 8.467616106480916496e+05 8.416177474169641500e+05 8.441175165612528799e+05 8.422446883538119728e+05 8.439654297681014286e+05 8.429251423961102264e+05 8.380424201659139944e+05 8.428844604575750418e+05 8.466446120275155408e+05 8.218767026363210753e+05 8.466046950192986988e+05 8.466114843707417604e+05 8.458847622880588751e+05 8.434848501253015129e+05 8.383842062312030466e+05 8.377168245655932697e+05 8.476358049047983950e+05 8.166618530130572617e+05 8.461010217687867116e+05 8.471574114993629046e+05 8.441667980813701870e+05 8.443992035257876851e+05 8.455005310047068633e+05 8.518392465622961754e+05 8.508743355296629015e+05 8.462322723183009075e+05
7.842087856601865496e+05 7.808713247160685714e+05 7.829493297831054078e+05 7.539456440910991514e+05 7.823689157687604893e+05 7.872325979948374443e+05 7.906766438257662812e+05 7.901378194766376400e+05 7.906767476801320445e+05 7.888549141077632084e+05 7.884994576688002562e+05 7.927974977544498397e+05 7.920157426753742620e+05 7.544006887128262315e+05 7.901742712673740461e+05 7.670971184700254817e+05 7.905970019424827769e+05 7.934373797010075068e+05 7.971374847776680253e+05 7.941707768810676644e+05 7.944443156362526352e+05 7.940907787736844039e+05 7.993550152505518636e+05 7.963305937915571267e+05 8.005572067303612130e+05 7.978383942404706031e+05 7.778559626512428513e+05 7.708347675171702867e+05 7.962365006345828297e+05 8.040953497346153017e+05 7.976004471829406684e+05 8.036256435353702400e+05 7.783948492906903848e+05 8.019983492588667432e+05 7.818274235501440708e+05 7.781888095317728585e+05 7.731791214679247933e+05 8.018379083657790907e+05 7.769750667114448734e+05 7.817338549174375366e+05 8.048056727215041174e+05 7.991086927791137714e+05 7.832954767086625798e+05 8.004401043701472227e+05 8.041493204266404500e+05 8.035317854514557403e+05 7.776503855672444915e+05 8.074121161873961100e+05 7.986400475394536043e+05 7.792893253914769739e+05
8.262736238144710660e+05 8.261678948171266820e+05 8.591470592286343453e+05 8.576676200190078234e+05 8.527883022214543307e+05 8.585289384343074635e+05 8.569718042463666061e+05 8.456957535965874558e+05 8.546121984096439555e+05 8.549576322187589249e+05 8.531577164516901830e+05 8.378730667394886259e+05 8.289745032692024251e+05 8.589109589466040488e+05 8.563884610253660940e+05 8.543527416132619837e+05 8.535736537472030614e+05 8.569670118566916790e+05 8.549089843150548404e+05 8.144717811142071150e+05 8.597670532997951377e+05 8.587897887801423203e+05 8.267393467448905576e+05 8.576675783319036709e+05 8.572880771404894767e+05 8.593291568921743892e+05 8.572761486895992421e+05 8.584520029437905177e+05 8.361338429718883708e+05 8.320868573120582150e+05 8.574306937889253022e+05 8.579526075726604322e+05 8.539883831667875638e+05 8.527583773817111505e+05 8.581322392258433392e+05 8.255082128192780074e+05 8.581863349051915575e+05 8.577709818038356025e+05 8.590264221616029972e+05 8.358271144610035699e+05 8.514778431280943332e+05 8.578970550715259742e+05 8.589741819966234034e+05 8.279780078533760970e+05 8.580483680584946414e+05 8.573495104949661763e+05 8.592485627047176240e+05 8.199158839849326760e+05 8.571815147548721870e+05 8.227216521131284535e+05
9.000018941790896934e+05 8.998831292969520437e+05 8.719722613399871625e+05 8.890538644065661356e+05 8.732187838270486100e+05 8.999609987609903328e+05 9.000036232809103094e+05 8.626925802305333782e+05 9.000054221398277441e+05 9.000021990712061524e+05 8.999963072877638042e+05 8.549109154568584636e+05 9.000039350230767159e+05 9.000036821178996470e+05 8.780023273871223209e+05 9.000039893444618210e+05 8.632355918963995064e+05 8.568678053476088680e+05 8.999978809839661699e+05 9.000044328358186176e+05 9.000025927856671624e+05 8.544568029623047914e+05 8.999967956261534709e+05 8.773917242106562480e+05 8.608375977263515815e+05 8.999699289892431116e+05 8.629273515848299721e+05 8.999988127575283870e+05 9.000034446238020901e+05 8.999961298823616235e+05 8.999978438909193501e+05 9.000064241961913649e+05 8.999972159280391643e+05 9.000019534981817706e+05 9.000048020840957761e+05 8.509343526111809770e+05 8.999824799347042572e+05 8.976951101205485174e+05 9.000046526202365058e+05 8.999867229113408830e+05 8.656373428177046590e+05 9.000069992278356804e+05 9.000027273000696441e+05 8.585175269753761822e+05 8.999982395834187046e+05 8.999964419977283105e+05 8.729094751564232865e+05 9.000037812380801188e+05 9.000056290938012535e+05 8.598448705864490476e+05
8.011579466907416936e+05 7.977827837002609158e+05 7.992809812662688782e+05 7.995001814189753495e+05 7.961766561843082309e+05 7.999806043624971062e+05 8.203373234544717707e+05 7.664377110290246783e+05 8.180748627372679766e+05 8.006372112189993495e+05 7.932217996092999820e+05 7.869793876384461764e+05 8.056535332246016478e+05 8.119010178520703921e+05 7.979201627483068733e+05 8.027264877055974212e+05 8.047183692544745281e+05 8.070011842015377479e+05 8.004196479736728361e+05 8.457989774860115722e+05 8.290400107300753007e+05 8.462761531242452329e+05 8.467001378498646664e+05 8.464986289328995626e+05 8.415195813717688434e+05 8.432005714222132228e+05 8.469992315510938643e+05 8.372987746617634548e+05 8.304377756661898457e+05 8.502991832301371032e+05 8.358747197384199826e+05 8.495182141955307452e+05 8.495744241531905718e+05 7.810116529903855408e+05 8.490966972510331543e+05 8.466989600203313166e+05 8.496013742307025241e+05 8.334163677569733700e+05 8.318584138448098674e+05 8.397172091795761371e+05 8.285405204509781906e+05 8.457543868834120221e+05 8.387992259100880474e+05 8.441404390156316804e+05 8.304203985477081733e+05 8.467979299485620577e+05 8.258955502995153656e+05 8.283000282510532998e+05 8.446586488050527405e+05 8.451997228380639572e+05
8.218649556274010101e+05 8.172135349016475957e+05 8.301752672274169745e+05 7.878778171177026816e+05 7.923174190728302347e+05 8.208120080303681316e+05 8.306563257735843072e+05 8.099384557522215182e+05 8.468075365247997688e+05 8.025143944995898055e+05 8.654782678470234387e+05 8.103118703263163334e+05 7.980096383445465472e+05 8.180478915106673958e+05 8.267255267689997563e+05 8.146625395605398808e+05 8.136232714414559305e+05 8.122481584075546125e+05 8.113617857736396836e+05 8.391157200868247310e+05 8.272161410215126816e+05 8.290883671087267576e+05 7.204583684483505785e+05 8.007957750990699278e+05 8.146121011390105123e+05 8.005379703569515841e+05 9.000015124789573019e+05 8.999999751241272315e+05 8.999969658378622262e+05 8.999993906150496332e+05 8.805017751177262980e+05 9.000005639403254027e+05 8.620620512758800760e+05 8.999966197344014654e+05 9.000055910425717011e+05 8.599667214779572096e+05 8.660592758243948920e+05 8.999960762825984275e+05 9.000018650002059294e+05 8.999976285903081298e+05 9.000013568125319434e+05 8.999997195391383721e+05 8.605418852664433653e+05 8.479691797742154449e+05 8.266097864560933085e+05 9.000026925549383741e+05 9.000013537295478163e+05 8.999889709135659505e+05 8.999998208063326310e+05 8.999868402893571183e+05
8.240486008321213303e+05 7.970602202679152833e+05 8.087704852609419031e+05 8.303179301657497417e+05 8.148889326167482650e+05 8.195577306801542873e+05 7.988978148195240647e+05 8.454110947545374511e+05 8.446315842033842346e+05 8.460879859653802123e+05 7.920559543239882914e+05 8.415996474196480121e+05 8.132560274804638466e+05 8.402659254872107413e+05 8.411574378899676958e+05 8.413906523396389093e+05 8.416632064577842830e+05 8.121767729045222513e+05 8.107953662812806433e+05 8.037170828333823010e+05 8.348902714380120160e+05 8.406884105148625094e+05 8.518357023516371846e+05 8.510748143456696998e+05 8.302125741671313299e+05 8.506569109960070346e+05 8.511517462359705241e+05 8.007189429426653078e+05 8.514363268568828935e+05 7.890957453751767753e+05 8.526133722603128990e+05 8.535612608053847216e+05 8.549760881867449498e+05 8.508401849786790553e+05 8.520386448857039213e+05 8.129856327519349288e+05 7.833144541149290744e+05 8.235912118315359112e+05 8.533312328587491065e+05 7.899260001323758624e+05 8.085775749758571619e+05 8.528634409749048064e+05 7.985141942177804885e+05 8.026957127288450720e+05 7.934289084268962033e+05 8.084236310980720446e+05 8.061577838010154665e+05 8.532553114396821475e+05 8.037729773902111920e+05 8.166811999558962416e+05
8.430483030725173885e+05 8.521194094501142390e+05 8.443075432059112936e+05 8.296970072722994955e+05 8.482672200088812970e+05 8.485588378297840245e+05 8.455681478743200423e+05 8.482998720616082428e+05 8.441479701665309258e+05 8.455738958190389676e+05 8.497159133417599369e+05 8.453111593434524257e+05 8.541550289155228529e+05 8.458214723158627748e+05 8.466683694289340638e+05 8.447732167672055075e+05 8.479686708247782663e+05 8.470178314140425064e+05 8.415392684511978878e+05 8.426338835803655675e+05 8.467512426976321731e+05 8.412082046328982105e+05 8.730091889726241352e+05 8.461906254637697712e+05 8.466676216741517419e+05 8.197764935596815776e+05 8.409216020205797395e+05 8.402944557119898964e+05 8.735798164727165131e+05 8.501478279011059785e+05 8.724219085313647520e+05 8.481572714080107398e+05 8.591706683242255822e+05 8.512599621392618865e+05 8.443858301102252444e+05 8.561395579704410629e+05 8.365241654051748337e+05 8.747057154989470728e+05 8.442721995168498252e+05 8.578518815123571549e+05 8.657255995680211345e+05 8.358200502629495459e+05 7.864236500947035383e+05 8.655780732143303612e+05 8.424758599901747657e+05 8.209986354181444040e+05 8.415056793054877780e+05 8.429434234520770842e+05 8.628763476249966770e+05 8.363396856439707335e+05
8.120954588763057254e+05 8.269078493916844018e+05 8.040957695212400286e+05 7.640797309351525037e+05 8.260576779340180801e+05 8.337738691814499907e+05 8.380630078786847880e+05 8.250732514859527582e+05 8.361453314353879541e+05 8.512899153176076943e+05 8.502508328529644059e+05 8.505177153019574471e+05 8.500484557728308719e+05 8.504713782639973797e+05 8.511165523741344223e+05 8.493901812088076258e+05 8.104413380314926617e+05 8.527984562291058246e+05 8.496338340393707622e+05 8.071826706313492032e+05 8.511373546386189992e+05 8.517477881062357919e+05 8.499475956997146131e+05 8.522668986572208814e+05 8.487082817703275941e+05 8.555104283894974506e+05 8.567539764170504641e+05 8.320094751781265950e+05 8.529293415942821885e+05 8.508780319664811250e+05 8.031854362598110456e+05 8.265566009850072442e+05 8.547684040019796230e+05 7.801569672493438702e+05 8.546784124752038624e+05 8.559722057390370173e+05 8.429722814873027382e+05 8.571173787497011945e+05 8.038272767741973512e+05 8.552808732415058184e+05 8.147340071636497742e+05 7.989396431520461338e+05 8.631301111137943808e+05 8.790110900573512772e+05 8.453605019150819862e+05 8.546657204495919868e+05 8.353746029624689836e+05 8.465224596086832462e+05 7.832852439969496336e+05 8.332028107430812670e+05
0.000000000000000000e+00 0.000000000000000000e+00 0.000000000000000000e+00 0.000000000000000000e+00 0.000000000000000000e+00 0.000000000000000000e+00 0.000000000000000000e+00 0.000000000000000000e+00 0.000000000000000000e+00 0.000000000000000000e+00 0.000000000000000000e+00 0.000000000000000000e+00 0.000000000000000000e+00 0.000000000000000000e+00 0.000000000000000000e+00 0.000000000000000000e+00 0.000000000000000000e+00 0.000000000000000000e+00 0.000000000000000000e+00 0.000000000000000000e+00 0.000000000000000000e+00 0.000000000000000000e+00 0.000000000000000000e+00 0.000000000000000000e+00 0.000000000000000000e+00 0.000000000000000000e+00 0.000000000000000000e+00 0.000000000000000000e+00 0.000000000000000000e+00 0.000000000000000000e+00 0.000000000000000000e+00 0.000000000000000000e+00 0.000000000000000000e+00 0.000000000000000000e+00 0.000000000000000000e+00 0.000000000000000000e+00 0.000000000000000000e+00 0.000000000000000000e+00 0.000000000000000000e+00 0.000000000000000000e+00 0.000000000000000000e+00 0.000000000000000000e+00 0.000000000000000000e+00 0.000000000000000000e+00 0.000000000000000000e+00 0.000000000000000000e+00 0.000000000000000000e+00 0.000000000000000000e+00 0.000000000000000000e+00 0.000000000000000000e+00
