4.926045267419939628e+05 4.994975648710886599e+05 4.680467472565255011e+05 4.633952642761170864e+05 4.135154618962019449e+05 4.779753069405774586e+05 4.995144121711328626e+05 4.996090509128644480e+05 4.996012011277683196e+05 4.996348730759747559e+05 4.995025642255638377e+05 4.997103264726265916e+05 4.996675394818348577e+05 4.334395915673688287e+05 4.997179393816238735e+05 4.997522959383634152e+05 4.997338695376294781e+05 4.568799602958200849e+05 4.998327404403142864e+05 4.995684758940950851e+05 4.998354054414369748e+05 4.239945542895855615e+05 4.996602921278545400e+05 4.998370433033844456e+05 4.342722436280818656e+05 3.807461056701790658e+05 4.709629600615256350e+05 4.888717474385492387e+05 4.586464022459480329e+05 4.997699442402413697e+05 4.997553826722234953e+05 3.780910490508421208e+05 4.197750535663579940e+05 4.204632214502975694e+05 4.997177106951681781e+05 4.455296884287894354e+05 4.154934686011762242e+05 4.395295367616909789e+05 4.340405042310308199e+05 4.083076935434530023e+05 4.713440599376990576e+05 4.998355911425811355e+05 4.998163154830403510e+05 4.998079709183976520e+05 4.998952497832577210e+05 4.998989735923998524e+05 4.999159019705738756e+05 4.155568037410666584e+05 3.916357482589035644e+05 3.803380571111173485e+05
4.668140278651588596e+05 4.061778652627164847e+05 4.999985895101633505e+05 4.685027651448445395e+05 5.000000192299147020e+05 4.728347618956795777e+05 4.578567684726754087e+05 4.678795445764062461e+05 4.122512036270079552e+05 4.643400301177791553e+05 4.652344228895542328e+05 4.206983563157956814e+05 4.659206846959163668e+05 4.550871195871426025e+05 4.999985495076993830e+05 4.999989997498380253e+05 5.000014615427263197e+05 4.999986771404464380e+05 4.401742494725852157e+05 5.000019315656303079e+05 4.616656944097285741e+05 5.000009678792931954e+05 4.541611891958111664e+05 5.000000542920812150e+05 5.000001146203715471e+05 4.487037648987229331e+05 4.550814837492311490e+05 4.574176581908966764e+05 4.489470718276822008e+05 4.680557095874535735e+05 4.188037519553780439e+05 4.670606925829084357e+05 4.999993941665395396e+05 5.000015015560655738e+05 4.559151155508977245e+05 5.000017679335899302e+05 4.582371734795952216e+05 4.999996397805610322e+05 4.691461966057104291e+05 4.999979494033585070e+05 5.000006784198446549e+05 5.000000452818995691e+05 4.290132272660164745e+05 4.999992304803786683e+05 5.000006069336910150e+05 4.572521734480682644e+05 5.000010012203967781e+05 4.999990487973038107e+05 4.999989579032356269e+05 4.530444946136757499e+05
4.487429771646264126e+05 4.220916669672820135e+05 4.338290080890413374e+05 4.522621861393314903e+05 4.300813577266352368e+05 4.325355059714753879e+05 4.497181361213216442e+05 4.326097539760978543e+05 4.164749821596792317e+05 4.412702629929399700e+05 4.490894841685839347e+05 4.076747983313986333e+05 4.516864534418581170e+05 4.335932838063724921e+05 4.584138390594015946e+05 4.580561005479890737e+05 4.372200119853420183e+05 4.587369657405678299e+05 4.532491050225372310e+05 4.345130620517898351e+05 4.604416428380613797e+05 4.337568688491311623e+05 4.457063936939333798e+05 4.610522579749008291e+05 4.552053951867645956e+05 4.495988236294530216e+05 4.336968018809437635e+05 4.629747284873718163e+05 4.558777891862750985e+05 4.598348203156521777e+05 4.256572193690383574e+05 4.202776755917565897e+05 4.574612915884001413e+05 4.574798154667639174e+05 4.999985876308303559e+05 4.586858443092938396e+05 4.848810420993095613e+05 4.999936450599506497e+05 4.999994492205395363e+05 5.000013796846649493e+05 4.440979181990953512e+05 4.351798616055687889e+05 4.999991534540934372e+05 5.000008159906390938e+05 4.450182943460287061e+05 5.000015861159102642e+05 4.417381844861747231e+05 4.826182225415461580e+05 4.382900230898181908e+05 4.606377724173835595e+05
4.459186124870797503e+05 4.467082635476667201e+05 4.576809783602476818e+05 4.999980971514568082e+05 4.951990832651086384e+05 5.000038559989907080e+05 4.999999316745693795e+05 4.493958831590687623e+05 5.000020560544313048e+05 5.000020789362537907e+05 4.753842239191612462e+05 4.501533219494909281e+05 4.999954060380988522e+05 5.000012583177887136e+05 5.000053883803879726e+05 5.000009367863311199e+05 4.999919542064747657e+05 4.999943141347981291e+05 4.999947170639322139e+05 5.000015719982077135e+05 4.527946200475830119e+05 4.999989388081575162e+05 4.795396561560538248e+05 4.999860024762763060e+05 4.669744913614759571e+05 4.999987884159895475e+05 5.000006554058939801e+05 5.000054179458262515e+05 5.000048874120188993e+05 5.000064124784127343e+05 4.699793261064027320e+05 5.000026183418098371e+05 4.596400298057399923e+05 4.692439560555912321e+05 5.000048405727622448e+05 5.000027900290959515e+05 4.999858585841929307e+05 4.647122314038410550e+05 5.000079727858043625e+05 4.999670245611083810e+05 4.999932605622426490e+05 4.546428634475370054e+05 5.000013860740473610e+05 5.000041172435398330e+05 5.000036602266062400e+05 5.000025155911573092e+05 5.000064581030809786e+05 5.000046154179135920e+05 4.999886713690544711e+05 4.999995280762056354e+05
4.162179417797621572e+05 4.170986137129634735e+05 4.250491030957600451e+05 4.222568324758305680e+05 4.207195507212659577e+05 4.417233667161138728e+05 4.566033904658733518e+05 4.999980650590801961e+05 4.999990025851891260e+05 5.000047352666530060e+05 4.999999569099021028e+05 4.470113931428978103e+05 4.495533519332399010e+05 5.000038751583247795e+05 4.999956867817378952e+05 4.999951785484364373e+05 4.999993771554940613e+05 5.000009048027432291e+05 4.848840428097803378e+05 4.999977018188475049e+05 4.999986325664547039e+05 5.000009412874882692e+05 4.828705511643355712e+05 4.999985568570690230e+05 5.000007673203468439e+05 4.733161227466637501e+05 4.449170769292225596e+05 4.363125306102430332e+05 4.542729029262439581e+05 4.575699662388066063e+05 4.425495536892656819e+05 4.999961546596566914e+05 4.999996902713817544e+05 4.351554040058683022e+05 4.999986567430729046e+05 5.000021371457849746e+05 4.495746253388823243e+05 4.999954159611217910e+05 5.000012257252286072e+05 5.000000971374011133e+05 4.300156410020277253e+05 4.973169427974316059e+05 4.319926550941232708e+05 5.000009925246560015e+05 4.999998025687264744e+05 4.520582441737175104e+05 4.516550146335730678e+05 4.999984857333991677e+05 5.000003295322546619e+05 4.409476131178136566e+05
4.678137024336507893e+05 4.297212938784061116e+05 4.238222170978907961e+05 3.769165606034399825e+05 4.546578914830643917e+05 4.498127441874100477e+05 3.752450913573787548e+05 4.639783848698609509e+05 4.572181264260288444e+05 4.633495124941958347e+05 4.640457172527190414e+05 4.689582288288627751e+05 4.448714651901547331e+05 4.149562578625133028e+05 3.988588783143513137e+05 4.254734345689524198e+05 3.984275613541255007e+05 4.624748584422038984e+05 3.710728369560393039e+05 4.650382907768497244e+05 4.640793536688890308e+05 4.625845974269532016e+05 4.692026189925579238e+05 4.695158673546189675e+05 4.637374994689766900e+05 4.680154032770917984e+05 4.660631289900618722e+05 4.700125608800134505e+05 4.654866686527340789e+05 4.689986445194787229e+05 4.471751230580375413e+05 4.330779475116083631e+05 4.703708632608804619e+05 4.694557252519626636e+05 4.689479982623088290e+05 4.690452213027816033e+05 4.618202174262494664e+05 4.999987610891247168e+05 4.711866008167665568e+05 4.700118892365852371e+05 4.663838588445340283e+05 4.477500629116680939e+05 4.690348467331982101e+05 4.626757401484888396e+05 4.694318862896744395e+05 4.658354426260565524e+05 4.703413573992703459e+05 4.720122933961691451e+05 4.999952742977733142e+05 4.471821284068071982e+05
4.329615238968271879e+05 4.472977699839796405e+05 4.482360885671598371e+05 4.341797296208604821e+05 4.470330276167916018e+05 4.481725268152094213e+05 4.454354443663957645e+05 4.445757274549666909e+05 4.645191696864820551e+05 4.510962667629282805e+05 4.578941446928176447e+05 4.574587522415796993e+05 4.561047640959864948e+05 4.746197963120411732e+05 4.524188935445388779e+05 4.458500335952484165e+05 4.631391718637583544e+05 4.515957469428168843e+05 4.502174540807051235e+05 4.555559732936450164e+05 4.652588356253912789e+05 3.761788322572684265e+05 4.421788141796872951e+05 4.625766460519083194e+05 4.002785708013526746e+05 4.441173341050550225e+05 4.524981410733938101e+05 4.602517997800899320e+05 4.499343174042486353e+05 4.596917354053979507e+05 4.514769573037756491e+05 4.482988125051856623e+05 4.437968240602749283e+05 4.628711058199528488e+05 4.507957798060668283e+05 4.537961263298261911e+05 4.515564846094207605e+05 4.477208442576432717e+05 4.548561679207850248e+05 4.522497929435205297e+05 4.553909781868251739e+05 4.324558215292380773e+05 5.000010143397101783e+05 4.915451875189421698e+05 4.560536415106678614e+05 4.472110092092212872e+05 4.521007149889262510e+05 4.599524579171931837e+05 4.557286247707387665e+05 4.466902182079217746e+05
4.999999600317163276e+05 4.999900294379924890e+05 4.999986203296063468e+05 5.000002105387140764e+05 4.230572583524028305e+05 5.000003551761311246e+05 4.194854604679905460e+05 5.000030528462908114e+05 4.999907903788550175e+05 4.204693920416096807e+05 4.999533929016265902e+05 4.187377516234620707e+05 4.999999823184600100e+05 4.999978943282525870e+05 4.999888266202215455e+05 4.096631126731300028e+05 4.999951817399224965e+05 5.000027214769484126e+05 5.000008850997008267e+05 5.000011500735214795e+05 5.000019641974165570e+05 4.999930272391699255e+05 4.999999068322367966e+05 5.000021459143465036e+05 4.999963851633742452e+05 4.999947944480482838e+05 4.041535683649506536e+05 5.000017101058523986e+05 4.999917296748408116e+05 5.000013712438084185e+05 4.999994296930573182e+05 5.000004693746268749e+05 4.999978396305600181e+05 4.999959009426932898e+05 5.000014015382336220e+05 4.488244427049954538e+05 4.288040864694346674e+05 5.000015604617689387e+05 4.999991818171536434e+05 5.000029044379340485e+05 5.000015272508280468e+05 5.000004236359368078e+05 5.000002748063285253e+05 4.397237929480065359e+05 4.502970074408869259e+05 5.000004349729401292e+05 5.000009073380278423e+05 5.000024473037935095e+05 5.000006483176205074e+05 5.000005840855755378e+05
4.315901455173607683e+05 4.120709227715855232e+05 3.885819245819818461e+05 4.297405769653509487e+05 4.255519036620212719e+05 4.330318853122523287e+05 4.359772698259148165e+05 4.354103238444339950e+05 4.307131603130876902e+05 4.318068799249430303e+05 4.333087040568257216e+05 3.950388751642240095e+05 4.191553298415540485e+05 5.000006005178812775e+05 4.304989388283220469e+05 4.686623831782965572e+05 5.000009789874762646e+05 4.999989983302741894e+05 4.999978591953490395e+05 5.000014534948443761e+05 4.186240867816216778e+05 4.999818959769494249e+05 4.999847584252768429e+05 4.999874343635141267e+05 4.999993927539142314e+05 4.999406737417078111e+05 4.999969649777237209e+05 4.999996466931871255e+05 4.999982179297488183e+05 5.000037471099804970e+05 4.999993605797783239e+05 5.000170006357081584e+05 5.000165734005540144e+05 5.000008729274846846e+05 5.000133351920125424e+05 5.000029325742844376e+05 3.541834945453361142e+05 5.000103581689698040e+05 4.999967258604843519e+05 5.000088913794874679e+05 4.999907870008886675e+05 5.000120014359984198e+05 5.000169180139030796e+05 4.999978380560746300e+05 4.999825431071598432e+05 5.000001305392276263e+05 5.000007649314162554e+05 5.000150543410402606e+05 4.999885106076135417e+05 5.000130178428200306e+05
0.000000000000000000e+00 0.000000000000000000e+00 0.000000000000000000e+00 0.000000000000000000e+00 0.000000000000000000e+00 0.000000000000000000e+00 0.000000000000000000e+00 0.000000000000000000e+00 0.000000000000000000e+00 0.000000000000000000e+00 0.000000000000000000e+00 0.000000000000000000e+00 0.000000000000000000e+00 0.000000000000000000e+00 0.000000000000000000e+00 0.000000000000000000e+00 0.000000000000000000e+00 0.000000000000000000e+00 0.000000000000000000e+00 0.000000000000000000e+00 0.000000000000000000e+00 0.000000000000000000e+00 0.000000000000000000e+00 0.000000000000000000e+00 0.000000000000000000e+00 0.000000000000000000e+00 0.000000000000000000e+00 0.000000000000000000e+00 0.000000000000000000e+00 0.000000000000000000e+00 0.000000000000000000e+00 0.000000000000000000e+00 0.000000000000000000e+00 0.000000000000000000e+00 0.000000000000000000e+00 0.000000000000000000e+00 0.000000000000000000e+00 0.000000000000000000e+00 0.000000000000000000e+00 0.000000000000000000e+00 0.000000000000000000e+00 0.000000000000000000e+00 0.000000000000000000e+00 0.000000000000000000e+00 0.000000000000000000e+00 0.000000000000000000e+00 0.000000000000000000e+00 0.000000000000000000e+00 0.000000000000000000e+00 0.000000000000000000e+00
